1 5 0
2 6 0
3 7 0
4 8 0
5 9 2500
6 10 2500
7 11 2500
8 12 2500
9 16 1000
10 17 1000
11 18 1000
17 23 750
5 6 1000
6 7 1000
7 8 1000
9 10 1000
10 11 1000
11 12 1000
16 17 1000
17 18 1000
13 14 0
19 20 0
28 29 0
38 39 0
14 15 2500
20 21 2500
29 30 2500
39 40 2500
21 22 1000
30 31 1000
40 41 1000
31 32 750
14 20 1000
20 29 1000
29 39 1000
15 21 1000
21 30 1000
30 40 1000
22 31 1000
31 41 1000
27 26 0
37 36 0
46 45 0
52 51 0
26 25 2500
36 35 2500
45 44 2500
51 50 2500
25 24 1000
35 34 1000
44 43 1000
34 33 750
26 36 1000
36 45 1000
45 51 1000
25 35 1000
35 44 1000
44 50 1000
24 34 1000
34 43 1000
61 57 0
62 58 0
63 59 0
64 60 0
57 53 2500
58 54 2500
59 55 2500
60 56 2500
54 47 1000
55 48 1000
56 49 1000
48 42 750
57 58 1000
58 59 1000
59 60 1000
53 54 1000
54 55 1000
55 56 1000
47 48 1000
48 49 1000
14 5 7000
15 9 2000
22 16 1000
8 26 7000
12 25 2000
18 24 1000
39 57 7000
40 53 2000
41 47 1000
60 51 7000
56 50 2000
49 43 1000
5 1 0
6 2 0
7 3 0
8 4 0
9 5 2500
10 6 2500
11 7 2500
12 8 2500
16 9 1000
17 10 1000
18 11 1000
23 17 750
6 5 1000
7 6 1000
8 7 1000
10 9 1000
11 10 1000
12 11 1000
17 16 1000
18 17 1000
14 13 0
20 19 0
29 28 0
39 38 0
15 14 2500
21 20 2500
30 29 2500
40 39 2500
22 21 1000
31 30 1000
41 40 1000
32 31 750
20 14 1000
29 20 1000
39 29 1000
21 15 1000
30 21 1000
40 30 1000
31 22 1000
41 31 1000
26 27 0
36 37 0
45 46 0
51 52 0
25 26 2500
35 36 2500
44 45 2500
50 51 2500
24 25 1000
34 35 1000
43 44 1000
33 34 750
36 26 1000
45 36 1000
51 45 1000
35 25 1000
44 35 1000
50 44 1000
34 24 1000
43 34 1000
57 61 0
58 62 0
59 63 0
60 64 0
53 57 2500
54 58 2500
55 59 2500
56 60 2500
47 54 1000
48 55 1000
49 56 1000
42 48 750
58 57 1000
59 58 1000
60 59 1000
54 53 1000
55 54 1000
56 55 1000
48 47 1000
49 48 1000
5 14 7000
9 15 2000
16 22 1000
26 8 7000
25 12 2000
24 18 1000
57 39 7000
53 40 2000
47 41 1000
51 60 7000
50 56 2000
43 49 1000
23 32 1500
32 42 1500
42 33 1500
33 23 1500